3.342171853532516252e+04
1.251882926810300523e+04
9.412512646815366679e+03
6.417335233812214938e+03
5.945196344416384818e+03
4.976841671126749134e+03
4.224802887995193487e+03
3.802373788035597954e+03
3.140205947040641149e+03
2.674159586664341987e+03
2.418030782849261414e+03
2.052227699774279245e+03
2.017540185663652210e+03
1.812121942529292028e+03
1.539136421680889953e+03
1.496731007050135986e+03
1.409971416927368182e+03
1.327427470037869625e+03
1.301822141405211596e+03
1.224811026914214608e+03
1.188006645362392874e+03
9.880885401941991404e+02
8.946058409714025856e+02
8.637929796558954649e+02
8.456457899166244943e+02
7.729545068157563037e+02
7.665333371780525340e+02
6.987311544949362769e+02
6.584911558907281233e+02
6.313018030936427749e+02
6.032679571910059622e+02
5.694066172628458844e+02
5.630217404177216167e+02
5.463633610344020326e+02
5.185109788652780480e+02
5.019694857378792108e+02
4.814674549382600048e+02
4.627751752485029328e+02
4.313363035964910068e+02
4.194576641979778628e+02
4.112185594366964096e+02
4.026024473521162577e+02
3.680978571669133430e+02
3.629389740281342256e+02
3.579577868218320305e+02
3.404167120656720726e+02
3.190109942319991774e+02
3.117847102278951184e+02
2.966011052478797865e+02
2.796518880871706187e+02
2.775159054450331837e+02
2.631781635640447803e+02
2.598303772349726728e+02
2.485593804342836393e+02
2.353083483933786511e+02
2.263754861099491222e+02
2.187396914025754029e+02
2.164478271948628390e+02
2.014698526428115599e+02
1.983640818235683128e+02
1.877256475223323662e+02
1.746614126528940574e+02
1.696402584370566444e+02
1.674856985747144051e+02
1.628180834944068920e+02
1.468494111458956297e+02
1.451706983514110050e+02
1.436286830643992403e+02
1.387332458481448896e+02
1.231936771826409824e+02
1.204019029640000156e+02
1.173379627315121922e+02
1.101443158769996842e+02
1.055672976135875558e+02
1.034905876168048309e+02
1.017495386307705161e+02
9.800936645255200119e+01
9.712809019234744312e+01
8.967068100648351958e+01
8.729227866329300412e+01
8.561118119837279039e+01
8.008565532129297537e+01
7.869367058206476884e+01
7.655633490926275897e+01
7.428170722802201453e+01
7.213982736859775002e+01
6.975320365519856125e+01
6.444549338333516175e+01
6.394799787631685462e+01
6.267912767272227370e+01
6.157897676420665078e+01
5.690143806086732781e+01
5.517005653514251406e+01
5.342534132646500211e+01
5.160039232388051289e+01
4.973273511245886880e+01
4.878154854771401716e+01
4.644635781243921002e+01
4.515694324225027856e+01
4.338520433251243702e+01
4.145807480461665051e+01
4.011135064504193792e+01
3.644171218341791274e+01
3.508471839648989743e+01
3.458271995795799825e+01
3.188732399754260172e+01
2.917183646707980671e+01
2.868750362455210379e+01
2.752431050515365030e+01
2.650876222487295664e+01
2.516833473584168601e+01
2.398466074915349822e+01
2.219621842575261894e+01
2.189381032830013751e+01
1.902655114944697345e+01
1.640982958171955985e+01
1.417001941394763520e+01
1.354078428195836281e+01
1.198747349201612700e+01
1.073888580816330851e+01
