3.342171853532514069e+04
1.251882926810300705e+04
9.412512646815375774e+03
6.417335233812208571e+03
5.945196344416379361e+03
4.976841671126743677e+03
4.224802887995196215e+03
3.802373788035594771e+03
3.140205947040644332e+03
2.674159586664343351e+03
2.418030782849262778e+03
2.052227699774279699e+03
2.017540185663651528e+03
1.812121942529292028e+03
1.539136421680889953e+03
1.496731007050137805e+03
1.409971416927369319e+03
1.327427470037870080e+03
1.301822141405211596e+03
1.224811026914214608e+03
1.188006645362392874e+03
9.880885401941991404e+02
8.946058409714028130e+02
8.637929796558959197e+02
8.456457899166243806e+02
7.729545068157564174e+02
7.665333371780527614e+02
6.987311544949363906e+02
6.584911558907286917e+02
6.313018030936423202e+02
6.032679571910059622e+02
5.694066172628458844e+02
5.630217404177216167e+02
5.463633610344020326e+02
5.185109788652783891e+02
5.019694857378790971e+02
4.814674549382602322e+02
4.627751752485035013e+02
4.313363035964916321e+02
4.194576641979779197e+02
4.112185594366966939e+02
4.026024473521162008e+02
3.680978571669133430e+02
3.629389740281339414e+02
3.579577868218318031e+02
3.404167120656721863e+02
3.190109942319992911e+02
3.117847102278949478e+02
2.966011052478800138e+02
2.796518880871710167e+02
2.775159054450332974e+02
2.631781635640448371e+02
2.598303772349728433e+02
2.485593804342837814e+02
2.353083483933789353e+02
2.263754861099493780e+02
2.187396914025755166e+02
2.164478271948627821e+02
2.014698526428115315e+02
1.983640818235681138e+02
1.877256475223323093e+02
1.746614126528940574e+02
1.696402584370565876e+02
1.674856985747142630e+02
1.628180834944070909e+02
1.468494111458957150e+02
1.451706983514111187e+02
1.436286830643990697e+02
1.387332458481449180e+02
1.231936771826407551e+02
1.204019029640000014e+02
1.173379627315120075e+02
1.101443158769996273e+02
1.055672976135875274e+02
1.034905876168045751e+02
1.017495386307704592e+02
9.800936645255207225e+01
9.712809019234735786e+01
8.967068100648330642e+01
8.729227866329307517e+01
8.561118119837298934e+01
8.008565532129317432e+01
7.869367058206456989e+01
7.655633490926263107e+01
7.428170722802205717e+01
7.213982736859770739e+01
6.975320365519901600e+01
6.444549338333537492e+01
6.394799787631666987e+01
6.267912767272228791e+01
6.157897676420660105e+01
5.690143806086719991e+01
5.517005653514237906e+01
5.342534132646484579e+01
5.160039232388034236e+01
4.973273511245889722e+01
4.878154854771385374e+01
4.644635781243898265e+01
4.515694324225027856e+01
4.338520433251230202e+01
4.145807480461667183e+01
4.011135064504193792e+01
3.644171218341790563e+01
3.508471839648993296e+01
3.458271995795792719e+01
3.188732399754258751e+01
2.917183646707983158e+01
2.868750362455212866e+01
2.752431050515355793e+01
2.650876222487289979e+01
2.516833473584150127e+01
2.398466074915337387e+01
2.219621842575247683e+01
2.189381032830000251e+01
1.902655114944771952e+01
1.640982958171987249e+01
1.417001941394696196e+01
1.354078428195822248e+01
1.198747349201616963e+01
1.073888580816340266e+01
